                PC      BP      SP      Stack
Initial values: 10      499     500

  JMP 0 70      70      499     500
  INC 0 6       73      499     494     0 0 0 0 0 0 
  LIT 0 7       76      499     493     0 0 0 0 0 0 7 
  STO 0 3       79      499     494     0 0 0 7 0 0 
  CAL 0 13      13      493     494     0 0 0 7 0 0 
  JMP 0 55      55      493     494     0 0 0 7 0 0 
  INC 0 5       58      493     489     0 0 0 7 0 0 | 499 499 82 0 0 
  LIT 0 15      61      493     488     0 0 0 7 0 0 | 499 499 82 0 0 15 
  STO 1 3       64      493     489     0 0 0 15 0 0 | 499 499 82 0 0 
  CAL 0 16      16      488     489     0 0 0 15 0 0 | 499 499 82 0 0 
  JMP 0 19      19      488     489     0 0 0 15 0 0 | 499 499 82 0 0 
  INC 0 4       22      488     485     0 0 0 15 0 0 | 499 499 82 0 0 | 493 493 67 0 
  LIT 0 10      25      488     484     0 0 0 15 0 0 | 499 499 82 0 0 | 493 493 67 0 10 
Output result is: 10
  SYS 0 1       28      488     485     0 0 0 15 0 0 | 499 499 82 0 0 | 493 493 67 0 
  LIT 0 5       31      488     484     0 0 0 15 0 0 | 499 499 82 0 0 | 493 493 67 0 5 
  LIT 0 10      34      488     483     0 0 0 15 0 0 | 499 499 82 0 0 | 493 493 67 0 5 10 
  ADD 0 1       37      488     484     0 0 0 15 0 0 | 499 499 82 0 0 | 493 493 67 0 15 
  LOD 2 3       40      488     483     0 0 0 15 0 0 | 499 499 82 0 0 | 493 493 67 0 15 15 
  ADD 0 1       43      488     484     0 0 0 15 0 0 | 499 499 82 0 0 | 493 493 67 0 30 
  STO 0 3       46      488     485     0 0 0 15 0 0 | 499 499 82 0 0 | 493 493 67 30 
  LOD 0 3       49      488     484     0 0 0 15 0 0 | 499 499 82 0 0 | 493 493 67 30 30 
Output result is: 30
  SYS 0 1       52      488     485     0 0 0 15 0 0 | 499 499 82 0 0 | 493 493 67 30 
  RTN 0 0       67      493     489     0 0 0 15 0 0 | 499 499 82 0 0 
  RTN 0 0       82      499     494     0 0 0 15 0 0 
  SYS 0 3       85      499     494     0 0 0 15 0 0 